4 6
5 4
6 6
7 4
17 4
18 4
20 6
21 4
29 6
30 4
31 6
32 4
42 4
43 4
45 6
46 4
54 6
55 4
56 6
57 4
67 4
68 4
70 6
71 4
79 6
80 4
81 6
82 4
92 4
93 4
95 6
96 4
104 6
105 4
106 6
107 4
117 4
118 4
120 6
121 4
129 6
130 4
131 6
132 4
142 4
143 4
145 6
146 4
154 6
155 4
156 6
157 4
167 4
168 4
170 6
171 4
179 6
180 4
181 6
182 4
192 4
193 4
195 6
196 4
204 6
205 4
206 6
207 4
217 4
218 4
220 6
221 4
229 6
230 4
231 6
232 4
242 4
243 4
245 6
246 4
254 6
255 4
256 6
257 4
267 4
268 4
270 6
271 4
279 6
280 4
281 6
282 4
292 4
293 4
295 6
296 4
304 6
305 4
306 6
307 4
317 4
318 4
320 6
321 4
329 6
330 4
331 6
332 4
342 4
343 4
345 6
346 4
354 6
355 4
356 6
357 4
367 4
368 4
370 6
371 4
379 6
380 4
381 6
382 4
392 4
393 4
395 6
396 4
404 6
405 4
406 6
407 4
417 4
418 4
420 6
421 4
429 6
430 4
431 6
432 4
442 4
443 4
445 6
446 4
454 6
455 4
456 6
457 4
467 4
468 4
470 6
471 4
479 6
480 4
481 6
482 4
492 4
493 4
495 6
496 4
504 6
505 4
506 6
507 4
517 4
518 4
520 6
521 4
529 6
530 4
531 6
532 4
542 4
543 4
545 6
546 4
554 6
555 4
556 6
557 4
567 4
568 4
570 6
571 4
